3.511981560810751191e+00
2.419026784772092320e+00
2.863058330622448633e+00
7.410221216006986467e+00
5.154812883765782949e+00
2.185205981198445002e+00
4.102161924225955048e+00
4.695698783451321745e+00
2.202896305979316516e+00
3.117537553815783014e+00
4.786438675792521025e+00
4.394906385505491286e+00
1.456941187595408138e+00
2.563775769037353935e+00
6.410237737010101355e+00
1.903208541923242070e+00
5.262577344909657562e+00
1.234640996185117690e+00
2.301265269732338137e+00
4.768151191063402905e+00
3.421414122777769684e+00
1.926034740426357361e+00
3.269757853974989636e+00
2.154104719615401287e+00
3.943894226738429154e+00
5.409751543875027657e-01
2.556428838325150110e+00
4.360376891418502154e+00
2.452781365087700838e+00
2.004656992785494030e+00
6.119581329019700533e+00
6.199502236449347947e-01
3.251084874988665163e+00
5.752224653327813186e-01
4.620925222869344928e+00
2.981626859052493028e+00
1.576816220637253130e+00
2.138383908852975246e+00
3.340395216715934090e+00
2.953001333427783592e+00
1.671864822551102137e+00
-3.678497857899198920e-01
6.063223330171045866e-01
3.267577469811551172e+00
1.578784638400631213e+00
5.762410754872377083e+00
2.032429652074621451e+00
2.174515309296887189e+00
2.435026485973654786e-01
1.234480664911297598e+00
5.316036417976907735e+00
4.027104308498759444e+00
3.690587391181900934e-01
2.684431463886261859e+00
5.898670529937859897e+00
4.089290827954741303e-01
2.687131989359205608e+00
3.107385961985928091e+00
1.026578495570288130e+00
6.196057616688235292e+00
1.985043276247133504e+00
2.538024478731518041e+00
4.081146443302375637e+00
1.038772499134218208e+00
4.591668656940606219e+00
4.142384433118110998e+00
1.303857959022855395e+00
2.621193544035290479e+00
4.445469052869873039e+00
5.094822409007962349e+00
1.941676203382812993e+00
4.118095026707262463e+00
3.330263131928719922e+00
3.864886186770417620e+00
8.916359180009703067e-01
5.080996840819745231e+00
4.097762243243386671e+00
2.882175835515699003e+00
2.923243763261698991e+00
4.671545965706649817e+00
1.478273816664355422e+00
1.279990693557849335e+00
3.737461896652958693e+00
1.380930680729235638e+00
3.786315569604346898e+00
2.773612568383847066e+00
1.017222054314408819e+00
1.274352302705768825e+00
6.661067614015937721e+00
4.987957766099631485e+00
3.629221674939427711e+00
3.092396526642666288e+00
2.710693295697072180e+00
2.984081031619100877e+00
2.832126040821142610e+00
5.063302877791071133e+00
5.833366889273754907e+00
2.669044214285944960e+00
1.605007259559539490e+00
3.780665403423250748e+00
6.010471924822609502e+00
7.395234856517589606e-01
2.646859230602716995e+00
5.853727161745334584e+00
2.719996439820879353e+00
5.319683737256906575e+00
4.398558490373827290e+00
3.521972487520943940e+00
4.160302205853715130e+00
3.600613890402535766e+00
3.390452047631107302e+00
1.505638463243936798e-01
2.670295104091745308e+00
3.203340296179378655e+00
2.048806511851213319e+00
4.422522046371498483e+00
1.276824710944939545e+00
2.637001497885397505e+00
5.042200134368528985e+00
3.734938430580025948e+00
2.752741158730700022e+00
3.046532598503440159e+00
3.345808716684207429e+00
2.509451034295373528e+00
1.413669037664788686e+00
1.302947279718561724e+00
3.584887420421378756e+00
4.208336802443753299e+00
1.489043551144535460e+00
4.174132381006224968e+00
4.727867459211882561e+00
2.009967108822363180e+00
2.520465418746013597e+00
1.902032499964466661e+00
3.542833184202627717e+00
4.873709724310268498e+00
4.479220662006735409e+00
1.019364868914383049e+00
2.409975662072600944e+00
2.836452575136865217e+00
1.733269996177763783e+00
4.191411117982880796e+00
2.790916151109462895e+00
3.631588573541629117e+00
2.906798436255221052e+00
3.303219290596826507e+00
4.566104451979940748e+00
1.061025557671054553e+00
4.924220876507579447e+00
3.808891689252066115e+00
2.978320607351353733e+00
3.198036821499707916e+00
1.229117556537570710e+00
4.015515303788912860e+00
5.069125712534242822e+00
3.244917764018961481e+00
3.386016961165170258e+00
3.866139269242511389e+00
2.823942416730155891e+00
4.421968908631075834e+00
3.100754432999457855e+00
2.696065901854939106e+00
6.693079876037830722e-01
2.870950154433216994e+00
5.370731397232917814e+00
-6.719754514038989157e-02
2.432149676780807734e+00
-1.910701663206613610e+00
1.596746503849761689e+00
2.521640535787716075e+00
2.864294956773362877e+00
3.049075394744689582e+00
1.916557955691210680e+00
1.457548358482113393e+00
3.904392078659380871e+00
3.449422925005245499e+00
2.576774276895955396e+00
3.132760644840169029e+00
6.630130337099275906e-01
5.384429066094956973e+00
1.756403887869125269e+00
2.350778940309640408e+00
2.967014291651302482e+00
3.275597312102950021e+00
5.369512429854667701e+00
5.419127880872653513e+00
3.154784976943566743e+00
3.669665980947649064e+00
3.337591484093469507e+00
1.813900164947035876e+00
1.353495962269681385e+00
3.639682719768296604e+00
5.443191035018536184e+00
2.038807289371415976e+00
1.537448321058308309e+00
1.781409240907005476e+00
3.839658288774377759e+00
6.027711363422042723e+00
3.483981989873123020e+00
4.093021440261521704e-01
3.171138652641057210e+00
3.703116572722092492e+00
2.758970332334883757e+00
2.013265140876042025e+00
2.332466730665677446e+00
2.496962193287743048e+00
3.027301870490605396e+00
2.876497338707876050e+00
1.902525166675018253e+00
3.203055873882436178e+00
4.051399315192169226e+00
1.532340497237064447e+00
4.120681875195785437e+00
3.961645353326491925e+00
2.644625605154870662e+00
2.252570183701529061e+00
1.539384305907825379e+00
5.677186650213875474e+00
4.123002254942372602e+00
2.859875541221236883e+00
1.950647739440515060e+00
3.477907612320167097e+00
2.380810851003205997e+00
1.514035305414548338e+00
2.127221461117336787e+00
5.079176403447531740e+00
3.747316254167014637e+00
4.161502019089223126e+00
2.034045565252136090e+00
2.701973067923060690e+00
5.058986051650313343e+00
3.561477774967092724e+00
4.377692472602705998e+00
2.721239684293117467e+00
3.088148090324090322e+00
2.962406619538189734e+00
1.813100441238648219e+00
4.234923031865032605e+00
3.255481777119868525e+00
3.998071550606035807e+00
3.826330851623545026e+00
1.213058182173404997e+00
2.586311500087335347e+00
3.582341451397608179e+00
3.905969665570095284e+00
2.612414602300599409e+00
1.774178069018663928e+00
9.126685759523338604e-01
3.411671371898255423e+00
2.604667808464169010e+00
3.794411297727573018e+00
4.638205420668943368e+00
3.426445833598838586e+00
-7.688021168027736607e-02
3.844201396480066535e+00
3.293780092804003079e+00
6.255756477471953403e+00
2.285923055659984549e+00
1.635926667285826142e+00
4.257105904816911313e+00
2.718638121076354608e+00
1.338463839268910771e+00
2.623953679775648862e+00
2.100866346802673146e+00
4.608311866620260489e+00
3.854048873430440558e+00
8.893056024967984641e-01
6.190119585032133998e+00
2.455656465299381530e+00
5.294736539713196244e-01
4.175300884749390207e+00
3.162743883153423585e+00
-4.151665689932837466e-02
2.791253866835844644e+00
3.910518567719020844e+00
2.427105269190223957e+00
2.363978339158947062e+00
2.309392984890056066e+00
2.600403161272064168e+00
4.774516746462101224e+00
2.606592056435319549e+00
2.959468302424930197e+00
2.770791640623614160e+00
2.650971167658129346e+00
3.850119195937529160e+00
3.806075945788261805e+00
1.645458481810452067e+00
4.116407002827949135e+00
1.904458379176179328e+00
2.520249151315134384e+00
4.016717024849010720e+00
3.449966784874495929e+00
9.567316663950968803e-01
2.469520479536309487e+00
2.299721935148257401e+00
2.356648834086027655e+00
-6.180559913991041654e-01
1.760721400290331307e+00
4.553104013505178571e+00
4.636033188130881832e+00
3.982611000337634266e+00
1.850508926555568312e+00
3.539176909208697097e+00
4.400139264223080993e+00
3.327016727665995433e+00
1.317530902593724296e+00
4.189071974853100677e+00
4.645201051739356046e-02
4.956241579552680854e+00
3.141547624290732532e+00
3.067848543847150111e+00
-1.332576578540807688e+00
3.363620980671434779e+00
2.887641013884543639e+00
2.451497801320201120e+00
3.444925316844011487e+00
2.259131313417602538e+00
4.472818302102557375e+00
1.418260951827079897e+00
4.976529104360148281e+00
5.068307624931741806e+00
-5.001057809240094798e-03
2.254246809537771679e+00
3.476046515058961006e+00
1.092165230596063186e+00
1.030559208522141112e+00
4.682346112493816825e+00
3.130476195577335030e+00
2.521093998383090451e+00
2.447339534078526668e+00
2.814971496986365729e+00
1.888755754974314582e+00
2.058684063754656624e+00
6.077225341666133929e+00
4.482660044691876067e+00
1.764670987191796714e+00
1.493266108211416920e+00
1.875880294768781154e+00
3.682942091777919202e+00
8.156685225833912867e-01
3.294337951394087582e+00
3.370695227843533814e+00
1.497104091715840912e+00
2.634459771537351003e+00
3.327493544264271463e+00
2.658533422849294503e+00
4.337833582828261925e+00
1.365160496867181328e+00
3.159379358611576372e+00
5.649334129455470865e+00
-2.153757306480161837e-01
2.025889337596646911e+00
2.418453011763417315e+00
5.420347187684107837e+00
2.092951113928579243e+00
3.313316064825446272e+00
3.375889319596112603e+00
3.987991661273473376e+00
4.503145084722357971e+00
3.184242105548745538e+00
4.872670995002259531e-02
4.028164363634194167e+00
3.593014358718212176e+00
3.659783380779462636e+00
2.981323250251178170e+00
5.157692812622705958e+00
4.912231515151307626e+00
4.197014227623486526e+00
2.476713012916563983e+00
3.080958180359161691e+00
4.040359027053532337e+00
4.416857573626115752e+00
2.481423880124554504e+00
6.047902345421574566e+00
4.893531509332351703e+00
3.256174455608621621e+00
1.568403685328463748e+00
4.368790333219684463e+00
1.321002221833045276e+00
2.141231543041480112e+00
3.650151075314701288e+00
3.235272897347676757e+00
-1.129160280139291928e+00
4.310268764128402097e+00
2.640010542402202454e+00
3.740209134131631252e+00
2.918037492824879120e+00
3.592090777363661225e+00
4.176298572332640902e+00
2.088752873112372566e+00
3.764754204857547748e+00
4.051799238454132812e+00
2.006617842391777984e+00
2.848858911607135447e+00
2.182710672913347860e+00
2.333926792564651631e+00
2.205376216195446215e+00
3.723556390104156844e+00
3.151924560941393505e+00
5.786802755941393706e+00
2.350626626308566891e+00
4.242178277413458432e+00
3.850538600244165721e+00
1.358244362210168976e+00
2.772577952829617054e+00
3.554411459828668463e+00
3.995409717718377163e+00
2.255610656625490318e+00
4.558423955424093066e+00
3.240955285796948360e+00
3.373321486265594693e+00
5.384395389547483646e+00
2.033052678965010962e+00
4.644443215705382322e+00
3.488526498804204845e+00
4.811728515201314949e+00
-9.226702991627657724e-01
6.031296453865371276e-01
3.758075506038837776e+00
2.050941236439988380e+00
2.054212613273565857e+00
3.143727110658331103e+00
5.576861629275794208e+00
1.865500814988473088e+00
1.118611715547387586e+00
3.209342504042254518e+00
2.590367750060444063e+00
3.547727553110899823e+00
3.996165018554286075e+00
1.288650118262397504e+00
4.781054514100809172e+00
8.764765785857546732e-01
4.550464887516868728e+00
5.692535545373778483e+00
7.407343719487640143e-01
4.563168438078196942e+00
4.905838321458455553e+00
8.954721494088602185e-01
-1.154046999855357747e+00
-2.360285438275955272e-02
2.510324190373613096e+00
2.496732259781495600e+00
2.226815177221829867e+00
2.704679087902569723e+00
2.674578153027181049e+00
3.137898384035390897e+00
1.938656744517239794e+00
4.085154820314011559e+00
2.968828061832061049e+00
2.921480303309966775e+00
6.494609746493765989e+00
3.780576163595580574e+00
7.356786512573814107e-01
3.832676138797310283e+00
3.497438566570484131e+00
5.360333979892508260e+00
8.446969083541886469e-01
2.498630895296954701e+00
4.854239682666342759e+00
3.268057959932076706e+00
3.280139046043821782e+00
2.404135718575203473e+00
3.462163366808433729e+00
2.001273306283048115e+00
1.694797171502410604e+00
1.831918583840904668e+00
3.848763990689553438e+00
4.360368708674521088e+00
5.121135410199752158e+00
6.502895479170263116e+00
2.972756446817800935e+00
4.063963893473104605e+00
6.704265833979552447e-01
3.883974742178520678e+00
2.817407938951981716e+00
9.803929329013261196e-01
3.729206987782818672e+00
-1.348776620300888851e-01
6.536712581723246984e+00
1.163394392144840195e+00
3.188502837751739261e+00
3.312686434422385862e+00
9.662196428383404978e-01
3.201520692758260012e+00
-2.320129136844979456e-01
1.925343080903161086e+00
3.916780265310296105e+00
3.949585478447016129e+00
1.730548728244261536e+00
2.224582810384225784e+00
3.673110500398049094e+00
3.202108361161066341e+00
7.905921873479755391e-01
2.198439329754880767e+00
-1.483873701259561528e-01
6.076592567029592828e+00
2.990602079868139640e+00
-3.453369549437095287e-01
2.342853259496700424e+00
2.467813048787657504e+00
1.995369095523211511e+00
3.927515424567823210e+00
2.326505244551865914e+00
4.665691371986914859e+00
2.476196566249059483e+00
3.269093115572120567e+00
7.747786936314229322e-01
5.638853009736375377e+00
1.236494542080524450e+00
3.246618030505628472e+00
4.750115432884141953e+00
4.384406864324869701e+00
2.612283024601708803e+00
3.333451734812198808e+00
4.004660082251294995e+00
4.196123148600965358e+00
3.542597275126435630e+00
8.588930013708182543e-01
2.547763838904786748e+00
4.989101362400139905e+00
1.453205620087308025e+00
4.047860591350595172e+00
5.517698020123910752e+00
2.414194323662006703e+00
5.780029978183232942e+00
3.228806934689299801e+00
1.999561225683001542e+00
3.131893432434281088e+00
3.770315219565203435e+00
2.661691848601455135e+00
3.660046366963459086e+00
1.338282566292856135e+00
2.135255961055104734e-02
4.635630372652023823e+00
3.564463622692268352e+00
3.338876871100268762e+00
3.170172275512878279e+00
2.816941289724006481e-02
1.821786090447946371e+00
1.133954682995501395e+00
3.237934491640301449e+00
2.127917180478103631e+00
5.034808378134030704e+00
3.264028601761224557e+00
6.328329194925844448e+00
4.613641929471903325e+00
4.775384840744038684e+00
8.638356277882865975e-01
3.807871739412812317e+00
1.959916265150189130e+00
4.847875578568027422e+00
6.625653846460561880e-01
5.657261897747387636e-01
2.846783179948468412e+00
3.317481719907973137e-01
1.446999633150019005e+00
2.918581086620300802e+00
2.740094131340271133e+00
4.254649890661102773e+00
2.709939270768015440e+00
4.929352247031775214e+00
2.337477300579511308e-01
2.490926665962457598e+00
3.250276152748868164e+00
4.532165529661167369e-01
2.376507529701166632e+00
3.593663389897569171e+00
9.012876606682906910e-01
1.318720993853955026e+00
3.395382712604345876e+00
2.248572637706261812e+00
1.590811615676338997e+00
6.255306132086189130e+00
2.645358117344903004e+00
7.373665757523100162e-01
1.528881281984278306e+00
3.480634992411896889e+00
3.826060430349683017e+00
2.319650087095252999e+00
1.842207984770140028e+00
2.397255022443915529e+00
4.915813003384302604e+00
3.062472430653209177e+00
5.436733598781508192e+00
3.312456429993835716e+00
4.451173811499548272e+00
3.513224112993343695e+00
7.523730429171086698e+00
6.372804530332060402e+00
4.463188403803658666e+00
4.800784563385674275e+00
3.432780301421193503e+00
4.195613049128326111e+00
4.234155086318183159e-01
3.698083518450210327e+00
7.107552062195425790e-01
4.981616937935768874e-01
2.658356761545237923e+00
2.674969988100986296e+00
5.625756288884344869e+00
4.733659645540432948e+00
1.533311628704191687e+00
4.680148809496929019e+00
4.295692844161130175e+00
5.317673302650141487e+00
5.136880284397461693e+00
2.382298473196986510e+00
5.174313899949559925e+00
5.067677880105182275e+00
8.665611218755939760e-01
2.116862496548162831e+00
3.014232727432477610e+00
2.436263597994239305e+00
2.913144413374557651e+00
1.070558733935507600e+00
1.296747202798469889e+00
-8.097060521406973521e-02
2.439377550418671436e+00
4.862707733927150500e+00
1.643830069657328696e+00
9.749392196530122234e-01
5.398122062664636900e+00
3.654741088171953312e+00
7.788421585041023221e-01
3.242461968967017327e+00
2.518050470781195926e+00
2.597530588911006966e+00
1.045997049976683746e+00
3.915142211831359909e+00
6.270209515891587593e+00
2.420971429775670813e+00
2.628588020331138697e+00
2.238854450364653914e+00
2.663218473819599197e+00
3.774103803774472077e+00
3.835818808209626063e+00
3.759519682175552546e+00
3.576010339612720301e+00
2.259246507245326274e+00
3.516816111061249028e+00
3.581582484358638574e-01
1.084198955357644323e+00
1.909590794286043280e+00
4.205029217559856036e+00
4.979542357571808964e+00
1.954055730849543648e+00
2.392652751911869213e+00
2.272052293060847994e+00
3.316589519113755991e+00
3.964201733277795903e+00
2.376934792923648398e+00
1.236485138446276277e+00
4.326090150410487389e+00
7.401525147334129251e-01
3.065291398425926239e+00
2.954236457780458291e+00
3.128500989498398166e+00
2.049454210690849987e+00
9.867124042544062057e-01
2.541087539456191813e+00
4.842694621719809689e+00
2.195197410709670116e+00
8.779600107663840802e-01
3.300295371297551128e+00
3.777427950478160490e+00
4.309517138277678683e+00
2.571964290494411109e+00
2.542045758237682307e+00
1.038431618361763009e+00
3.662297428308225022e+00
8.896691773260982927e-01
1.499925001281461334e+00
2.448225672090867278e+00
3.559355187749144278e+00
1.340238035612459910e+00
4.531715625075879217e+00
9.304047826864940696e-01
1.077608710055739660e+00
7.961759968694934742e-01
3.249073404785038477e+00
3.029956495205602618e+00
5.091756296078551181e-01
2.745400798556369537e+00
2.357130714152517736e+00
3.562817391647210119e+00
1.861865751331956531e+00
3.496712181417219067e+00
3.472402142654682500e+00
3.504347007264494884e+00
9.219732032120395715e-01
4.430228436006906634e+00
2.922963061952379871e+00
5.273552456209072758e+00
2.010173258511550376e+00
2.949329816638396107e+00
1.479754601225985455e+00
3.212935459036141861e+00
4.570900597187218750e+00
2.014458482541862772e+00
2.193886987973245439e+00
2.659397994731033776e+00
2.850149791117806863e+00
6.365354696927538747e-01
3.509523227253905198e+00
3.346760683088718213e+00
4.687679117065204792e+00
2.918615417411626112e+00
5.664904665662252370e+00
1.365475534318380646e+00
2.521350971050405398e+00
2.480500010622188611e+00
3.980289525065011436e+00
1.165348934810384929e+00
1.156128132120345153e+00
4.254179461578532440e+00
2.358367983384468403e-02
7.505085669945685822e-01
3.891698372159736241e+00
3.572896707781953118e+00
2.802818279113306055e+00
3.151333791206285984e+00
4.440725586661940838e+00
4.879779476527001059e+00
1.838704056749872029e+00
3.806546858105008369e+00
4.398824727390120870e+00
4.962488703012018831e+00
2.341146015152984816e+00
6.277617039293485135e+00
3.255901837938782517e+00
2.180983217786243156e+00
1.556804562137376724e+00
2.271937066435571584e+00
2.470316862375334210e+00
2.952958571718216518e+00
4.514259858592856389e+00
2.104307129978712609e+00
2.164414716767253832e+00
3.096826486042739468e+00
-1.216249492116023845e-01
2.058172294268842073e+00
4.321240122072961043e+00
4.996309829961679938e+00
1.257447383144414843e+00
4.223633844332912446e+00
2.041338337832546479e+00
1.259475801656649185e+00
2.924784071889435566e+00
3.057466958339853935e+00
2.247537654881827329e+00
1.829880338716992405e+00
3.931373624270998679e+00
5.320400654281222330e+00
6.473880829228875200e+00
2.646904120111867265e+00
6.757838384081091831e-01
-9.823540655796598742e-01
5.137160978606044814e+00
4.671445011652798129e+00
2.325809169903327422e+00
4.157950832724420565e+00
3.452055811043527100e+00
2.115366508785934574e+00
1.451879280227449165e+00
2.984800022237155126e+00
3.671199215416488304e+00
3.444372657014387773e+00
2.245890734748291262e+00
2.635298282029087780e+00
1.213087970651610448e+00
4.438698326418188955e+00
3.588056255095146696e+00
3.857915107874618776e+00
3.199612822506123777e+00
3.438932677608415034e+00
-4.105365158709766149e-01
2.467380402902401570e+00
2.556665621409428546e+00
3.224737276641530315e+00
4.777862256266191210e+00
2.211912728059350464e+00
2.162557158591987161e+00
4.539314367354925217e+00
4.434492995917778124e+00
3.486225470435227791e+00
1.211997937774583534e+00
2.366569773608964145e+00
8.875500278989116865e-01
2.744663960049032347e+00
1.911097999113486878e-02
2.725833912631127731e+00
3.999790065207255552e+00
2.508381671184217510e+00
1.982150322680023224e+00
2.897125880069362225e+00
3.905439354406801566e+00
3.487229610247642331e+00
2.188636771780589463e+00
8.575132545093033798e-01
2.128200586004004080e+00
2.062566471751785979e+00
5.534872833884124432e+00
2.235837945158945850e+00
1.633343152738957915e+00
1.914908647832856303e+00
4.134931904344822939e+00
1.851451348229464777e+00
2.265841975978085010e+00
4.677957330837919869e+00
4.633334924237368924e+00
1.805353479610439571e+00
5.649873986145728999e+00
2.772260576774609131e+00
2.055535594916949815e+00
5.588588915258753786e+00
1.753471103166277967e+00
2.680952895503237787e+00
3.112414937056625863e+00
2.591971897603984942e+00
3.075633667394284565e+00
5.009593944693953915e+00
1.590891334513056643e+00
2.339419692506671922e+00
4.922081062966622511e+00
3.483911620859091229e+00
3.331754342943823222e+00
3.901543246168811763e+00
3.198920862963093636e+00
2.251442858040674899e+00
4.199458908195214946e+00
9.833672304237359718e-01
4.065666934902078644e+00
2.342448400450469759e+00
1.949359214582356836e+00
7.163047725737445859e-01
4.047975557390144807e+00
2.219374615107381210e+00
4.521927168614000792e+00
7.159386130966840511e-01
3.378847469875584153e+00
4.636270720506054488e+00
2.951357041492296052e+00
-3.379325306085815939e+00
2.757219658144491881e+00
2.820257033606149655e+00
6.611121690900651160e+00
2.872493157158983568e+00
1.997519610797057643e+00
3.053897573073933280e+00
2.950673948661612922e+00
2.644412273575294847e+00
8.385956449756211128e-01
2.282147574345189778e+00
4.298157049081600789e+00
3.566397699599494153e+00
2.587308931364581177e+00
3.411480298610374717e+00
5.084127667998677325e+00
8.105611248690771653e-01
2.451327868624673112e+00
1.668615152375515276e+00
2.841595621311371556e+00
3.396410440403264897e+00
1.089063046901877385e+00
2.646787523407402976e+00
4.422135976998720075e+00
3.160126584533625049e+00
1.210334901428623322e+00
4.127402665173557139e+00
2.929912801440052839e+00
2.195132539131225080e+00
1.892681609223424211e+00
4.373326196329546889e+00
-5.518753761489856302e-01
3.764763807206699120e+00
3.638199334836608401e+00
3.822605203738526303e+00
3.542599198057903465e+00
2.999030828093939505e+00
5.011115270827396273e+00
4.954770018114681207e+00
2.089511255649805221e+00
1.748356290808950497e+00
4.390300370260332485e+00
3.247602585734086666e+00
2.166828619218104102e-01
1.573240569101696185e+00
1.379127702093579266e+00
3.879746976438803951e+00
4.040559514667764418e+00
1.191374202683295858e+00
2.889317615857753818e+00
4.020199519542232203e+00
3.752054868460827031e+00
2.895525177626508739e+00
5.309584670937473661e+00
2.907982783049749553e+00
1.919481951125431740e+00
3.502113049019044411e-01
2.604219542524264241e+00
3.500051816367137025e+00
4.914403061354593483e+00
2.676218557838587309e+00
2.053363829701663867e+00
3.837717311618232152e+00
5.290474544095872922e+00
3.504786852917657569e+00
1.487926787224932879e+00
1.909460334532273595e+00
2.617485400486998515e+00
3.997413370132548938e+00
2.367532159329025720e+00
3.860389842043762343e+00
1.883151688929956658e+00
1.005962867788306347e+00
3.278408519175856739e+00
3.166176166751410115e+00
3.572470127079963031e+00
4.313132611907663616e+00
4.738106223461972633e+00
1.105214004399517780e+00
6.674060447583316957e+00
4.655749868605697728e+00
3.202671455671587619e+00
3.885738723741708256e+00
1.395339770428132731e+00
2.499818307341832302e+00
6.166528545356977808e+00
5.436696323329723413e+00
3.080914435220898362e+00
1.976839341150179230e+00
2.491553637139350741e+00
6.578860824208948799e+00
1.070749823343077889e+00
2.753372307979984779e+00
1.169163314330045722e+00
5.169609186793397093e+00
2.809304451071367392e+00
2.474497794099777437e+00
1.021312466602349867e+00
1.881364130637447118e+00
2.963345351460509924e+00
2.347839452948236705e+00
1.321620530281232941e+00
4.444498499325751695e+00
5.323987974731114292e+00
1.229161159941925430e+00
2.449388906697996582e+00
1.013772231070342755e+00
4.796019941457927871e+00
2.132911415392658494e+00
3.147882973764074332e+00
4.323650834448688585e+00
2.802318532254579608e-01
1.768786010876295389e+00
1.669359105318091174e+00
4.143612794357688145e+00
3.717363924941800235e+00
3.995507587551049955e+00
4.967671696698547912e-01
3.838486982230433497e-01
1.307265396036743521e+00
4.571333349528350354e+00
3.827929929493651073e+00
2.027572671892400535e+00
3.540070015653974611e+00
-5.822319633582981879e-01
1.322278722616110125e+00
3.768328537432479752e+00
2.637793440741287299e-01
2.955813717745338742e+00
1.887360757695089042e-01
1.109597638658760044e+00
2.923249806066469336e+00
4.507078650495838446e+00
4.734999555686801642e+00
2.430440057630207207e+00
9.347310407987472480e-01
2.723400903853395949e+00
4.665729543126873047e-01
9.736770665692486837e-01
5.784324277846812024e+00
1.918040353384682817e+00
5.528659907399687157e+00
3.291191188208449692e+00
3.387079359151508484e+00
3.036417051964746427e+00
2.764470788614878494e+00
2.085456438194515982e+00
5.387607319378942883e+00
1.918640315008222297e+00
4.249496291101053203e+00
3.553117730514065542e+00
3.633318339538973429e+00
7.324740246578034686e+00
2.625750238898039601e+00
1.871712930864716018e+00
4.221310876519051902e+00
1.341665465652166045e+00
1.848084355950834867e+00
